test_accuracy: 0.9445660828025477
test_loss: 0.17244693710450915
train_accuracy: 0.971484375
train_loss: 0.11974989213049411
