test_accuracy: 0.9551154458598726
test_loss: 0.14513098308519953
train_accuracy: 0.975390625
train_loss: 0.09993432803312316
