test_accuracy: 0.7668192675159236
test_loss: 1.3339253056580853
train_accuracy: 0.746484375
train_loss: 1.5273677051067351
