test_accuracy: 0.758359872611465
test_loss: 0.8027471787990279
train_accuracy: 0.856640625
train_loss: 0.7989596113562584
