test_accuracy: 0.4534235668789809
test_loss: 1.7873309258442776
train_accuracy: 0.853515625
train_loss: 0.6612472966313362
