test_accuracy: 0.9444665605095541
test_loss: 0.16973430426067607
train_accuracy: 0.96640625
train_loss: 0.12620225194841622
