test_accuracy: 0.9406847133757962
test_loss: 0.19846246011887386
train_accuracy: 0.975390625
train_loss: 0.09542297252919525
